    best solution = 18
    time: avg  = 356.000763



0 9
0 29
0 40
0 45
0 49
0 50
0 51
0 53
0 83
0 126
0 132
0 139
0 148
0 149
0 162
0 200
0 228
0 266
0 281
0 287
0 290
0 296
0 321
0 344
0 391
0 397
0 412
0 422
0 424
0 436
0 440
0 460
0 462
0 463
0 499
1 12
1 15
1 22
1 24
1 48
1 52
1 71
1 73
1 101
1 105
1 109
1 127
1 152
1 158
1 160
1 175
1 187
1 192
1 195
1 207
1 215
1 242
1 270
1 276
1 286
1 314
1 342
1 355
1 367
1 379
1 411
1 413
1 443
1 459
1 464
1 484
2 33
2 77
2 90
2 121
2 130
2 140
2 145
2 151
2 169
2 170
2 186
2 189
2 199
2 205
2 219
2 222
2 227
2 234
2 237
2 254
2 256
2 273
2 275
2 282
2 293
2 329
2 343
2 373
2 417
2 423
2 458
3 19
3 30
3 35
3 55
3 60
3 66
3 84
3 92
3 94
3 96
3 99
3 103
3 107
3 113
3 123
3 133
3 153
3 154
3 164
3 173
3 226
3 261
3 278
3 279
3 284
3 301
3 303
3 309
3 315
3 325
3 354
3 357
3 368
3 388
3 395
3 408
3 419
3 429
3 442
3 467
3 469
3 480
3 493
4 7
4 56
4 88
4 93
4 97
4 98
4 110
4 111
4 118
4 119
4 166
4 178
4 179
4 184
4 225
4 238
4 248
4 280
4 291
4 298
4 300
4 348
4 350
4 365
4 377
4 378
4 389
4 425
4 437
4 449
4 477
4 479
4 483
4 491
4 495
5 1
5 6
5 18
5 28
5 34
5 38
5 74
5 75
5 79
5 104
5 114
5 115
5 116
5 134
5 138
5 141
5 144
5 159
5 185
5 233
5 249
5 252
5 263
5 289
5 310
5 318
5 327
5 366
5 421
5 427
5 439
5 448
5 481
5 492
6 23
6 27
6 46
6 86
6 108
6 122
6 137
6 194
6 239
6 247
6 265
6 294
6 307
6 319
6 328
6 334
6 352
6 360
6 384
6 385
6 393
6 406
6 418
6 426
6 444
6 446
6 456
6 461
6 476
6 486
7 8
7 10
7 20
7 26
7 36
7 65
7 72
7 85
7 125
7 146
7 163
7 168
7 172
7 174
7 177
7 180
7 197
7 198
7 292
7 306
7 317
7 322
7 337
7 351
7 356
7 363
7 380
7 387
7 396
7 405
7 433
7 454
8 3
8 11
8 14
8 17
8 25
8 44
8 63
8 76
8 142
8 143
8 167
8 201
8 204
8 223
8 224
8 241
8 251
8 264
8 272
8 297
8 330
8 339
8 346
8 347
8 371
8 375
8 415
8 445
8 470
8 471
8 500
9 2
9 4
9 54
9 58
9 61
9 78
9 91
9 128
9 157
9 171
9 183
9 191
9 210
9 216
9 230
9 231
9 245
9 267
9 274
9 299
9 311
9 340
9 358
9 398
9 403
9 407
9 428
9 434
9 465
9 472
9 487
10 37
10 39
10 41
10 59
10 62
10 68
10 82
10 100
10 106
10 112
10 129
10 136
10 165
10 181
10 193
10 218
10 269
10 302
10 316
10 331
10 333
10 345
10 370
10 376
10 392
10 416
10 452
10 482
10 488
10 490
10 497
11 31
11 67
11 70
11 102
11 203
11 209
11 232
11 235
11 258
11 259
11 268
11 353
11 369
11 410
11 430
11 431
11 438
11 450
11 451
11 453
11 473
11 474
11 485
12 5
12 57
12 89
12 117
12 135
12 156
12 208
12 214
12 217
12 221
12 250
12 260
12 324
12 335
12 349
12 381
12 383
12 386
12 399
12 400
12 401
12 489
13 16
13 21
13 32
13 95
13 120
13 124
13 176
13 212
13 243
13 271
13 285
13 305
13 308
13 312
13 313
13 320
13 372
13 374
13 382
13 404
13 466
14 47
14 69
14 80
14 87
14 147
14 182
14 211
14 229
14 240
14 246
14 304
14 323
14 326
14 332
14 390
14 414
14 420
14 441
14 447
14 468
14 478
14 496
14 498
15 131
15 161
15 190
15 202
15 213
15 220
15 255
15 262
15 283
15 295
15 359
15 364
15 394
15 455
15 457
15 475
15 494
16 42
16 64
16 150
16 206
16 236
16 244
16 253
16 257
16 277
16 336
16 338
16 341
16 361
16 362
16 402
16 435
17 13
17 43
17 81
17 155
17 188
17 196
17 288
17 409
17 432
