    best solution = 38
    time: avg  = 1984.716431



0 45
0 53
0 74
0 103
0 117
0 193
0 204
0 212
0 231
1 9
1 12
1 17
1 81
1 120
1 156
1 234
1 241
1 250
2 24
2 27
2 32
2 133
2 158
2 174
2 181
2 220
2 242
3 34
3 90
3 108
3 116
3 134
3 163
3 173
3 223
3 245
4 4
4 55
4 64
4 76
4 140
4 153
4 171
4 203
4 239
5 18
5 26
5 43
5 96
5 109
5 145
5 147
5 157
5 222
5 229
6 60
6 70
6 98
6 112
6 182
6 216
6 235
7 1
7 3
7 19
7 89
7 100
7 104
7 121
7 144
7 184
7 227
8 22
8 25
8 30
8 85
8 92
8 164
8 195
8 201
9 6
9 7
9 20
9 49
9 83
9 118
9 141
9 162
9 249
10 50
10 68
10 106
10 110
10 130
10 137
10 166
10 207
10 237
11 15
11 54
11 161
11 169
11 177
11 194
11 221
12 36
12 66
12 73
12 135
12 155
12 205
12 211
12 213
13 14
13 57
13 69
13 101
13 124
13 146
13 170
13 228
14 28
14 59
14 67
14 99
14 136
14 165
14 206
15 13
15 61
15 129
15 151
15 218
15 244
15 248
16 52
16 65
16 113
16 128
16 143
16 168
16 246
17 35
17 58
17 75
17 87
17 150
17 176
17 185
17 186
18 41
18 42
18 97
18 105
18 159
18 191
18 236
19 8
19 10
19 11
19 33
19 80
19 122
19 175
19 232
20 46
20 71
20 84
20 91
20 102
20 142
20 190
21 2
21 51
21 72
21 95
21 132
21 202
21 240
22 47
22 77
22 119
22 131
22 148
22 197
22 219
23 23
23 94
23 126
23 149
23 180
23 187
24 37
24 38
24 160
24 178
24 214
24 224
25 39
25 93
25 167
25 188
25 210
25 238
26 5
26 21
26 107
26 114
26 192
27 79
27 82
27 123
27 154
27 230
28 88
28 115
28 125
28 215
28 233
29 29
29 86
29 226
29 243
29 247
30 40
30 138
30 152
30 183
31 63
31 127
31 198
31 209
32 139
32 179
32 196
32 217
33 31
33 44
33 78
33 199
34 111
34 172
34 225
35 48
35 189
35 200
36 56
36 208
37 16
37 62
