    best solution = 71
    time: avg  = 10.617635



0 72
0 90
0 148
0 217
0 237
0 305
0 311
0 319
0 322
0 375
1 8
1 59
1 79
1 88
1 145
1 173
1 310
1 475
1 494
2 48
2 94
2 157
2 160
2 309
2 356
2 389
2 409
2 485
3 43
3 68
3 165
3 215
3 231
3 384
3 402
3 432
4 30
4 69
4 105
4 169
4 171
4 180
4 268
4 416
4 435
5 26
5 60
5 147
5 179
5 209
5 321
5 371
5 383
5 451
6 137
6 190
6 264
6 283
6 295
6 352
6 477
6 490
7 47
7 172
7 206
7 253
7 257
7 347
7 361
7 491
8 23
8 32
8 95
8 110
8 134
8 202
8 266
8 314
8 397
9 82
9 131
9 163
9 177
9 214
9 255
9 407
9 458
10 61
10 126
10 164
10 240
10 252
10 392
10 453
10 473
11 128
11 167
11 262
11 318
11 388
11 390
11 410
11 413
11 419
11 489
12 49
12 259
12 267
12 281
12 415
12 482
12 484
12 500
13 116
13 235
13 248
13 274
13 276
13 331
13 351
13 434
13 474
14 45
14 117
14 186
14 279
14 287
14 317
14 398
14 431
14 444
15 52
15 104
15 109
15 213
15 272
15 293
15 360
15 405
15 498
16 75
16 150
16 242
16 325
16 372
16 385
16 422
16 465
16 499
17 28
17 130
17 159
17 182
17 289
17 408
17 420
17 470
18 2
18 83
18 119
18 220
18 221
18 233
18 393
18 463
19 89
19 205
19 219
19 332
19 333
19 345
19 460
19 478
20 7
20 101
20 118
20 127
20 144
20 188
20 223
20 291
20 443
20 450
21 99
21 108
21 115
21 133
21 141
21 246
21 376
21 447
21 468
22 6
22 11
22 13
22 154
22 185
22 306
22 313
22 395
23 19
23 98
23 189
23 192
23 271
23 303
23 380
24 20
24 55
24 70
24 92
24 135
24 280
24 334
24 439
25 22
25 74
25 216
25 243
25 258
25 373
25 425
25 428
26 18
26 100
26 120
26 122
26 149
26 328
26 365
26 378
26 497
27 21
27 62
27 162
27 166
27 197
27 239
27 438
27 445
28 203
28 236
28 273
28 337
28 353
28 379
28 403
28 412
28 492
29 103
29 132
29 146
29 358
29 449
29 456
29 457
29 486
30 33
30 39
30 196
30 212
30 286
30 348
30 430
30 441
30 488
31 36
31 58
31 76
31 102
31 121
31 230
31 366
31 382
32 184
32 194
32 227
32 244
32 343
32 377
32 387
32 401
32 466
33 37
33 136
33 261
33 307
33 363
33 423
33 424
33 496
34 138
34 143
34 156
34 234
34 250
34 270
34 344
34 364
34 374
35 29
35 34
35 113
35 211
35 232
35 285
35 312
35 330
35 427
36 25
36 53
36 106
36 181
36 292
36 299
36 320
36 339
36 426
37 77
37 238
37 297
37 316
37 359
37 368
37 381
37 472
38 44
38 80
38 111
38 129
38 142
38 224
38 226
38 251
38 335
39 40
39 97
39 107
39 153
39 176
39 198
39 300
39 406
40 63
40 64
40 124
40 288
40 340
40 394
40 479
41 31
41 225
41 245
41 275
41 342
41 399
42 50
42 151
42 210
42 229
42 284
42 367
42 446
43 16
43 56
43 73
43 178
43 254
43 260
43 464
44 114
44 174
44 315
44 354
44 391
44 433
44 462
44 476
45 3
45 24
45 38
45 57
45 96
46 9
46 152
46 187
46 294
46 404
46 417
46 418
47 42
47 155
47 208
47 265
47 324
47 495
48 78
48 218
48 362
48 448
48 461
48 483
49 15
49 41
49 139
49 200
49 341
49 452
50 195
50 228
50 241
50 277
50 329
50 421
51 93
51 204
51 256
51 302
51 304
51 349
52 67
52 199
52 247
52 338
52 350
52 355
52 436
53 27
53 168
53 175
53 346
53 459
54 1
54 12
54 17
54 308
54 369
54 455
54 471
55 66
55 71
55 81
55 123
55 140
55 386
56 51
56 269
56 278
56 400
56 437
57 46
57 125
57 191
57 296
57 323
58 5
58 85
58 193
58 370
58 454
59 4
59 10
59 86
59 158
59 442
60 54
60 65
60 112
60 170
60 414
60 469
61 222
61 298
61 326
61 487
62 84
62 87
62 327
62 481
63 91
63 201
63 207
63 357
64 249
64 290
64 396
64 429
65 161
65 411
65 467
65 493
66 263
66 282
66 336
67 35
67 480
68 301
68 440
69 14
69 183
