    best solution = 176
    time: avg  = 42.339645



0 198
0 303
0 477
1 332
1 409
1 479
1 485
2 27
2 144
2 401
3 168
3 264
3 367
4 18
4 249
4 281
4 358
5 39
5 389
5 426
5 442
6 45
6 81
6 306
7 113
7 124
7 471
8 79
8 116
8 195
8 394
9 134
9 382
9 468
10 58
10 137
10 161
10 352
11 105
11 288
11 380
11 384
12 33
12 101
12 464
12 465
13 130
13 287
13 297
14 244
14 337
14 403
15 88
15 267
15 372
16 50
16 253
16 339
16 405
17 301
17 336
17 472
18 99
18 417
18 432
19 8
19 196
19 229
19 312
20 235
20 252
20 400
21 3
21 85
21 452
22 7
22 329
22 447
23 125
23 194
23 280
24 78
24 322
24 351
24 450
25 202
25 219
25 460
25 494
26 23
26 111
26 456
27 108
27 150
27 395
27 415
27 475
28 53
28 149
28 491
29 26
29 57
29 75
29 158
30 302
30 404
30 500
31 257
31 278
31 293
32 214
32 254
32 292
33 148
33 190
33 245
33 473
34 115
34 216
34 217
34 413
35 69
35 166
35 268
35 469
36 68
36 174
36 434
37 48
37 153
37 211
37 251
38 44
38 437
38 462
39 112
39 145
39 160
39 175
40 4
40 71
40 428
41 25
41 360
41 418
42 47
42 66
42 296
43 11
43 62
43 439
44 83
44 122
44 156
44 355
45 142
45 399
45 412
46 5
46 34
46 261
47 146
47 147
47 154
47 498
48 14
48 262
48 324
49 61
49 171
49 307
50 86
50 106
50 275
50 300
51 56
51 138
51 340
51 392
52 159
52 356
52 470
53 32
53 388
53 419
53 425
54 212
54 247
54 478
55 91
55 185
55 221
56 1
56 237
56 387
57 19
57 406
57 416
57 476
58 192
58 255
58 258
59 46
59 104
59 242
59 459
60 128
60 279
60 321
60 397
61 73
61 77
61 238
62 270
62 424
62 489
63 16
63 234
63 411
64 6
64 110
64 222
65 151
65 191
65 348
65 375
66 21
66 167
66 186
66 407
67 308
67 325
67 408
68 179
68 193
68 445
69 173
69 203
69 220
69 487
70 170
70 376
70 423
71 246
71 330
71 414
72 223
72 232
72 283
73 59
73 109
73 187
74 40
74 218
74 317
75 63
75 155
75 326
76 183
76 461
76 488
77 60
77 129
77 172
78 250
78 291
78 353
79 342
79 451
79 481
80 84
80 201
80 466
81 9
81 197
81 305
82 93
82 132
82 205
83 181
83 277
83 334
84 126
84 240
84 282
84 341
85 331
85 410
85 492
86 76
86 140
86 157
87 36
87 52
87 135
87 274
88 396
88 440
88 444
89 64
89 224
89 484
90 31
90 38
90 490
91 29
91 359
91 422
92 41
92 89
92 120
93 259
93 371
93 449
94 182
94 269
94 335
95 24
95 304
95 393
95 458
96 386
96 438
97 169
97 271
97 435
98 117
98 136
98 361
99 243
99 364
99 373
100 96
100 118
100 207
101 37
101 248
101 497
102 273
102 357
102 362
103 143
103 349
103 429
104 72
104 92
104 354
105 95
105 127
105 427
106 42
106 241
106 368
107 227
107 369
107 455
108 55
108 184
108 446
109 163
109 225
109 311
110 90
110 480
110 493
111 65
111 457
111 467
112 139
112 430
113 51
113 67
113 290
114 13
114 200
114 347
115 256
115 294
115 313
116 141
116 370
117 230
117 318
117 436
118 314
118 366
119 10
119 162
120 189
120 381
120 448
121 328
121 402
122 49
122 204
122 323
123 123
123 346
123 454
124 87
124 131
124 208
125 15
125 343
125 483
126 70
126 378
127 94
127 295
127 298
128 276
128 338
129 107
129 315
129 453
130 209
130 319
131 30
131 176
132 289
132 433
133 236
133 266
133 496
134 20
134 43
134 226
135 54
135 97
136 35
136 178
136 333
137 133
137 286
137 398
138 121
138 210
138 265
139 114
139 345
140 28
140 344
140 350
141 12
141 177
141 443
142 383
142 385
143 199
143 310
144 363
144 421
145 284
145 365
146 98
146 233
147 206
147 495
148 231
148 390
149 119
149 482
150 285
150 374
151 228
151 474
152 152
152 320
153 164
153 327
154 102
154 188
155 165
155 299
156 463
156 486
157 22
157 377
158 74
158 213
159 103
159 309
160 180
161 260
161 379
162 431
163 80
163 499
164 2
165 82
166 215
166 420
167 100
168 272
169 441
170 263
171 17
172 316
173 391
174 239
