    best solution = 320
    time: avg  = 491.645264



0 58
0 422
0 752
0 860
1 44
1 449
1 986
2 64
2 219
2 980
3 567
3 669
3 735
3 769
4 8
4 54
4 329
4 430
4 958
5 103
5 421
5 523
5 616
6 306
6 721
6 798
6 998
7 52
7 175
7 425
8 42
8 68
8 547
8 766
9 4
9 514
9 737
9 912
10 1
10 185
10 888
11 518
11 526
11 548
12 197
12 712
12 784
12 965
13 349
13 477
13 570
13 697
13 844
14 135
14 483
14 530
14 610
15 398
15 533
15 767
15 833
16 7
16 147
16 504
17 40
17 324
17 578
18 336
18 536
18 961
19 189
19 588
19 598
19 757
20 368
20 386
20 771
21 20
21 56
21 165
21 412
22 210
22 392
22 481
22 872
23 6
23 353
23 702
23 819
24 637
24 673
24 883
25 214
25 461
25 561
26 284
26 302
26 354
26 816
27 55
27 158
27 211
27 333
28 126
28 496
28 562
28 773
29 18
29 672
29 772
29 989
30 76
30 875
30 879
31 179
31 470
31 589
31 709
32 46
32 390
32 838
32 972
33 310
33 633
33 654
33 716
34 45
34 367
34 671
34 806
35 209
35 215
35 502
35 746
36 325
36 410
36 842
37 225
37 582
37 623
37 648
38 131
38 591
38 854
38 924
39 363
39 454
39 689
40 41
40 734
40 874
41 178
41 494
41 777
41 935
42 92
42 270
42 996
43 144
43 433
43 605
43 983
44 69
44 150
44 228
44 580
45 75
45 245
45 540
45 825
46 251
46 400
46 765
46 795
47 70
47 327
47 903
47 930
48 21
48 263
48 387
48 551
48 732
49 576
49 799
49 911
50 67
50 851
50 889
51 13
51 538
51 563
52 51
52 204
52 690
52 812
53 283
53 704
53 916
54 234
54 282
54 595
54 947
55 294
55 299
55 528
56 205
56 584
56 729
57 374
57 532
57 668
57 763
58 102
58 293
58 445
58 667
58 705
59 227
59 361
59 377
59 917
60 31
60 432
60 448
60 793
61 255
61 408
61 419
61 554
62 527
62 628
62 642
62 957
63 48
63 389
63 414
63 453
64 405
64 804
64 919
65 207
65 649
65 906
65 982
66 271
66 785
66 832
66 971
67 498
67 512
67 557
67 865
68 111
68 884
68 894
68 933
69 230
69 376
69 462
69 592
70 121
70 261
70 688
70 966
71 59
71 193
71 674
71 791
72 315
72 537
72 564
73 47
73 157
73 314
73 366
74 300
74 535
74 853
74 858
75 166
75 287
75 426
75 955
76 201
76 347
76 638
76 954
77 140
77 465
77 679
77 728
78 57
78 485
78 708
78 995
79 311
79 394
79 848
79 918
80 149
80 322
80 609
80 656
81 269
81 438
81 731
82 109
82 114
82 117
82 489
83 130
83 141
83 736
83 770
84 2
84 346
84 611
84 936
85 372
85 568
85 905
86 171
86 313
86 803
86 964
87 19
87 277
87 486
87 542
88 11
88 279
88 484
88 882
89 331
89 371
89 587
90 296
90 403
90 670
90 789
91 208
91 565
91 666
91 987
92 172
92 553
92 660
93 152
93 173
93 272
93 711
94 401
94 742
94 876
95 217
95 522
95 651
95 783
96 463
96 545
96 678
96 782
97 320
97 359
97 814
97 956
98 583
98 985
98 990
99 252
99 337
99 525
99 680
100 91
100 574
100 808
101 106
101 174
101 248
101 474
102 442
102 764
102 797
102 993
103 429
103 458
103 810
104 740
104 747
104 908
105 182
105 292
105 661
106 127
106 143
106 845
107 87
107 195
107 196
107 501
108 247
108 415
108 427
108 970
109 620
109 681
109 922
109 973
110 161
110 243
110 280
110 288
111 291
111 585
111 738
111 868
112 297
112 805
112 938
113 63
113 566
113 659
113 967
114 93
114 265
114 304
114 950
115 81
115 451
115 597
115 974
116 332
116 560
116 639
116 1000
117 82
117 447
117 800
118 233
118 503
118 710
118 890
119 169
119 476
119 493
120 198
120 330
120 479
120 614
121 61
121 360
121 541
121 635
122 307
122 505
122 600
122 951
123 212
123 338
123 499
124 72
124 396
124 647
124 909
125 259
125 411
125 959
126 154
126 162
126 601
126 831
127 97
127 155
127 750
127 758
128 9
128 240
128 416
129 239
129 627
129 723
129 762
130 274
130 761
130 778
130 881
131 34
131 236
131 645
131 880
132 148
132 892
132 928
132 975
133 136
133 186
133 187
133 960
134 71
134 345
134 887
135 619
135 682
135 694
135 941
136 216
136 231
136 268
136 943
137 406
137 612
137 676
137 807
138 122
138 355
138 650
139 267
139 381
139 921
139 976
140 218
140 235
140 613
141 191
141 273
141 707
141 929
142 202
142 443
142 469
142 815
143 38
143 356
143 459
143 809
144 323
144 507
144 515
145 184
145 719
145 722
146 190
146 200
146 260
146 328
147 118
147 125
147 350
148 550
148 706
148 714
148 818
149 391
149 478
149 700
149 926
150 113
150 630
150 907
151 516
151 602
151 801
151 910
152 224
152 596
152 963
153 32
153 305
153 820
153 915
154 132
154 378
154 632
154 756
155 203
155 352
155 636
155 991
156 43
156 226
156 877
157 128
157 375
157 634
157 940
158 112
158 303
158 539
159 80
159 655
159 913
160 213
160 362
160 571
160 743
161 653
161 683
161 748
162 65
162 351
162 713
162 977
163 370
163 555
163 893
164 10
164 258
164 927
165 49
165 760
165 836
166 16
166 17
166 524
167 176
167 301
167 646
168 607
168 641
168 847
168 891
169 73
169 749
169 753
170 206
170 577
170 978
171 90
171 153
171 901
172 116
172 510
172 857
173 183
173 544
173 622
174 129
174 599
174 715
175 39
175 86
175 137
176 640
176 695
176 827
177 380
177 543
177 718
177 948
178 431
178 691
178 775
178 861
179 78
179 104
179 744
180 312
180 428
180 471
181 108
181 497
181 984
182 14
182 142
182 759
182 781
183 222
183 275
183 402
184 549
184 569
184 677
184 846
185 168
185 393
185 457
185 724
186 60
186 276
186 434
187 22
187 357
187 556
187 886
188 579
188 850
188 925
189 83
189 472
189 878
190 12
190 466
190 945
191 134
191 139
191 278
192 74
192 399
192 698
193 440
193 841
193 885
194 163
194 417
194 552
195 238
195 594
195 794
195 824
196 26
196 119
196 180
197 99
197 250
197 606
198 511
198 621
198 662
198 840
199 388
199 420
199 446
199 792
200 15
200 521
200 813
201 98
201 572
201 643
202 28
202 94
202 546
203 35
203 77
203 467
204 89
204 340
204 684
205 364
205 513
205 968
205 981
206 23
206 344
206 593
207 101
207 181
207 663
208 25
208 221
208 617
208 896
209 62
209 500
209 774
210 145
210 441
210 699
211 170
211 802
211 931
212 339
212 517
212 776
213 146
213 343
213 658
214 608
214 685
214 692
215 123
215 828
215 829
216 786
216 788
216 944
217 631
217 855
217 962
218 559
218 725
218 817
219 124
219 460
219 529
220 237
220 379
220 384
221 664
221 902
221 942
222 24
222 480
222 693
223 244
223 870
223 914
224 27
224 50
224 468
225 167
225 409
225 898
226 160
226 618
226 626
227 220
227 281
227 444
228 30
228 754
228 856
229 450
229 473
229 733
230 96
230 264
230 424
231 341
231 519
231 862
232 188
232 603
232 625
233 37
233 895
233 953
234 33
234 285
234 382
235 29
235 194
235 289
236 558
236 686
236 979
237 242
237 509
237 720
238 159
238 309
238 358
239 95
239 629
239 755
240 133
240 246
240 490
240 900
241 88
241 100
241 439
242 385
242 488
242 864
243 290
243 365
243 780
244 84
244 199
244 739
245 413
245 811
245 994
246 822
246 867
247 85
247 657
247 871
248 36
248 223
248 286
249 437
249 534
250 319
250 487
250 859
251 826
251 999
252 115
252 423
252 730
253 105
253 369
254 53
254 464
254 644
255 334
255 342
255 920
256 395
256 456
257 253
257 317
258 249
258 418
258 455
259 151
259 863
260 256
260 436
260 768
261 107
261 452
261 997
262 404
262 590
263 373
263 796
264 703
264 835
264 866
265 266
265 904
265 969
266 397
266 701
266 779
267 383
267 581
267 821
268 491
268 949
269 873
269 937
269 946
270 495
270 939
271 741
271 839
272 156
272 727
273 520
273 687
273 992
274 254
274 257
274 321
275 615
275 923
276 66
276 110
276 492
277 5
277 348
278 232
278 475
279 316
279 318
280 308
280 952
281 575
281 852
282 177
282 717
283 652
283 675
284 604
284 869
285 120
285 849
286 164
286 586
287 241
287 899
288 335
288 573
289 192
289 508
290 624
290 834
291 262
291 435
292 745
292 988
293 79
293 665
294 138
294 843
295 326
295 531
296 3
296 751
297 506
297 830
298 932
299 295
300 482
300 790
301 823
302 407
302 726
303 934
304 787
305 837
306 897
307 229
307 298
308 696
