    best solution = 125
    time: avg  = 127.788475



0 198
0 265
0 295
0 341
0 510
0 549
0 598
0 675
0 681
0 973
0 997
1 30
1 109
1 246
1 305
1 488
1 551
1 641
1 760
1 767
1 942
2 5
2 95
2 152
2 161
2 162
2 587
2 689
2 692
2 862
2 931
3 116
3 222
3 481
3 499
3 516
3 670
3 686
3 711
3 797
3 981
4 2
4 48
4 444
4 695
4 717
4 768
4 813
4 815
4 841
4 880
5 93
5 224
5 324
5 513
5 531
5 630
5 650
5 850
5 930
5 987
6 186
6 351
6 438
6 623
6 683
6 727
6 732
6 794
6 870
7 10
7 467
7 636
7 668
7 702
7 863
7 884
7 888
7 898
8 60
8 199
8 568
8 655
8 666
8 754
8 761
8 773
8 839
8 954
8 998
9 36
9 180
9 263
9 272
9 395
9 450
9 470
9 625
9 723
9 770
9 929
10 137
10 157
10 173
10 175
10 193
10 235
10 459
10 729
10 990
11 27
11 143
11 289
11 398
11 462
11 479
11 629
11 634
11 674
11 935
11 993
12 313
12 460
12 535
12 710
12 737
12 803
12 854
12 874
12 968
13 62
13 83
13 126
13 147
13 449
13 565
13 757
13 799
13 897
13 972
14 73
14 155
14 183
14 267
14 357
14 487
14 552
14 823
14 858
14 860
15 7
15 12
15 292
15 345
15 411
15 486
15 532
15 556
15 566
15 907
15 959
16 63
16 78
16 264
16 299
16 396
16 425
16 734
16 777
16 902
17 31
17 53
17 127
17 190
17 229
17 297
17 471
17 741
17 872
17 999
18 72
18 445
18 451
18 575
18 685
18 704
18 712
18 745
18 807
18 937
19 59
19 134
19 342
19 405
19 574
19 611
19 619
19 664
19 669
19 724
19 919
19 934
19 948
20 28
20 279
20 288
20 326
20 336
20 372
20 390
20 412
20 496
20 943
21 26
21 101
21 248
21 331
21 536
21 596
21 755
21 775
21 792
21 961
22 23
22 125
22 189
22 290
22 594
22 618
22 626
22 645
22 718
22 756
23 179
23 385
23 491
23 571
23 693
23 708
23 830
23 873
23 895
23 933
24 4
24 18
24 117
24 118
24 208
24 282
24 413
24 545
24 789
24 925
25 17
25 41
25 88
25 219
25 319
25 358
25 582
25 678
25 690
25 721
26 35
26 153
26 301
26 329
26 409
26 667
26 788
26 856
26 908
26 956
27 239
27 378
27 402
27 584
27 608
27 665
27 731
27 883
27 963
28 97
28 113
28 550
28 616
28 751
28 766
28 772
28 842
28 965
29 76
29 107
29 165
29 218
29 250
29 609
29 743
29 811
29 992
30 40
30 82
30 135
30 214
30 453
30 500
30 923
30 970
30 971
31 45
31 84
31 194
31 524
31 541
31 579
31 633
31 740
31 779
31 853
31 882
32 37
32 54
32 160
32 191
32 243
32 270
32 304
32 523
32 526
32 539
32 806
32 887
33 407
33 408
33 448
33 461
33 518
33 643
33 649
33 716
33 739
33 852
34 49
34 167
34 296
34 422
34 529
34 748
34 753
34 771
34 780
34 796
35 133
35 397
35 433
35 435
35 508
35 590
35 715
35 861
35 867
36 52
36 253
36 352
36 434
36 480
36 563
36 573
36 679
36 791
36 885
37 13
37 140
37 170
37 202
37 261
37 266
37 286
37 300
37 447
37 912
38 203
38 245
38 309
38 458
38 559
38 614
38 762
38 857
38 918
38 974
39 103
39 318
39 322
39 373
39 377
39 379
39 475
39 628
39 831
39 834
40 115
40 131
40 195
40 258
40 333
40 371
40 525
40 534
40 542
40 812
41 71
41 211
41 216
41 227
41 418
41 495
41 782
41 847
41 938
41 949
42 86
42 99
42 158
42 196
42 538
42 691
42 855
42 864
43 74
43 285
43 307
43 361
43 389
43 406
43 427
43 793
43 800
43 869
44 44
44 146
44 528
44 586
44 593
44 694
44 720
44 808
44 816
45 230
45 441
45 512
45 595
45 606
45 621
45 706
45 752
45 892
46 89
46 141
46 274
46 429
46 431
46 484
46 485
46 569
46 673
46 843
47 114
47 184
47 298
47 317
47 365
47 530
47 627
47 632
47 891
48 144
48 164
48 376
48 472
48 497
48 515
48 537
48 801
48 903
49 25
49 130
49 293
49 356
49 359
49 415
49 446
49 795
49 896
50 22
50 33
50 251
50 314
50 353
50 519
50 540
50 651
50 769
50 877
51 90
51 255
51 257
51 283
51 344
51 367
51 478
51 555
51 589
51 662
51 899
52 15
52 56
52 182
52 233
52 312
52 315
52 382
52 419
52 900
52 950
53 1
53 172
53 197
53 268
53 600
53 640
53 700
53 909
53 977
54 43
54 163
54 269
54 392
54 440
54 703
54 776
54 875
54 966
55 98
55 105
55 259
55 325
55 386
55 599
55 709
55 871
55 936
56 32
56 91
56 119
56 154
56 684
56 810
56 817
56 848
56 941
57 151
57 206
57 226
57 271
57 308
57 334
57 533
57 642
57 656
57 728
58 3
58 38
58 70
58 192
58 205
58 277
58 355
58 798
58 820
58 962
59 68
59 247
59 363
59 560
59 604
59 750
59 790
59 845
59 915
60 14
60 120
60 276
60 522
60 543
60 648
60 658
60 733
60 982
61 11
61 66
61 79
61 124
61 217
61 223
61 370
61 432
61 646
62 19
62 58
62 136
62 252
62 273
62 343
62 476
62 564
62 939
62 996
63 87
63 177
63 178
63 437
63 509
63 548
63 738
63 881
63 991
64 64
64 150
64 168
64 232
64 410
64 520
64 558
64 838
64 946
64 957
65 132
65 240
65 338
65 401
65 443
65 787
65 821
65 865
66 234
66 237
66 400
66 442
66 521
66 588
66 592
66 610
66 829
66 835
67 174
67 306
67 492
67 494
67 570
67 822
67 901
67 947
67 964
67 978
68 439
68 483
68 624
68 687
68 714
68 722
68 924
68 928
69 51
69 284
69 420
69 465
69 547
69 591
69 876
69 886
69 889
69 921
70 102
70 169
70 383
70 426
70 464
70 578
70 698
70 819
71 21
71 138
71 200
71 577
71 680
71 742
71 922
71 976
72 327
72 337
72 348
72 399
72 514
72 612
72 688
72 736
72 764
73 111
73 122
73 209
73 212
73 490
73 644
73 676
73 744
73 783
74 94
74 335
74 354
74 384
74 553
74 759
74 890
74 958
75 6
75 24
75 104
75 403
75 503
75 572
75 906
75 995
76 67
76 176
76 215
76 241
76 404
76 468
76 607
76 663
77 142
77 421
77 436
77 661
77 672
77 705
77 774
78 47
78 242
78 280
78 544
78 657
78 917
78 989
78 994
79 139
79 210
79 366
79 504
79 581
79 749
79 851
79 913
79 983
80 81
80 225
80 303
80 320
80 387
80 517
80 677
80 840
80 859
81 128
81 287
81 291
81 368
81 391
81 455
81 778
82 9
82 16
82 29
82 55
82 110
82 321
82 699
82 784
82 984
83 106
83 671
83 725
83 786
83 824
83 945
83 953
84 149
84 507
84 527
84 785
84 814
84 911
84 944
84 967
84 980
85 249
85 394
85 474
85 696
85 697
85 802
85 828
86 129
86 262
86 381
86 576
86 631
86 639
86 726
87 92
87 156
87 580
87 597
87 763
87 818
87 868
87 975
88 388
88 423
88 502
88 585
88 635
88 878
88 905
88 985
89 42
89 65
89 96
89 505
89 617
89 940
89 969
90 171
90 416
90 622
90 638
90 719
90 832
90 879
91 20
91 108
91 185
91 302
91 554
91 557
91 735
91 955
92 112
92 332
92 424
92 430
92 473
92 489
92 746
92 894
93 69
93 275
93 364
93 456
93 652
93 659
93 758
93 804
94 228
94 414
94 561
94 910
94 951
95 207
95 340
95 417
95 463
95 653
95 713
95 920
95 960
96 34
96 75
96 121
96 187
96 311
96 893
96 986
97 50
97 339
97 349
97 457
97 482
97 781
97 926
98 100
98 369
98 375
98 428
98 498
98 511
98 567
99 85
99 204
99 221
99 765
99 827
99 988
100 39
100 328
100 501
100 654
100 809
100 837
101 145
101 181
101 254
101 374
101 469
101 805
102 61
102 188
102 562
102 583
102 730
102 846
103 316
103 323
103 330
103 844
103 849
103 904
104 231
104 238
104 310
104 347
104 602
104 927
105 220
105 236
105 546
105 620
105 637
105 866
106 46
106 57
106 123
106 294
106 362
106 466
107 350
107 452
107 605
107 701
107 826
108 148
108 244
108 613
108 952
108 1000
109 493
109 506
109 603
109 747
109 979
110 8
110 647
110 660
110 682
111 201
111 281
111 615
111 836
112 77
112 159
112 166
113 213
113 601
113 707
113 914
114 278
114 393
114 454
115 260
115 346
115 360
116 477
116 833
117 932
118 80
119 380
120 256
120 825
121 916
