    best solution = 9
    time: avg  = 0.065268



0 5
0 8
0 11
0 22
0 51
0 52
0 57
0 68
0 78
0 80
0 81
0 84
0 88
0 92
0 97
0 114
0 116
0 120
1 9
1 16
1 18
1 28
1 42
1 48
1 54
1 55
1 63
1 72
1 82
1 85
1 95
1 111
1 117
2 2
2 12
2 17
2 20
2 27
2 32
2 58
2 73
2 74
2 87
2 90
2 93
2 98
2 99
2 109
2 112
2 118
3 1
3 19
3 26
3 38
3 39
3 41
3 50
3 53
3 77
3 79
3 83
3 105
3 108
3 110
3 115
3 119
4 6
4 29
4 30
4 31
4 35
4 36
4 45
4 56
4 59
4 71
4 75
4 91
4 94
4 96
4 101
5 4
5 13
5 15
5 24
5 25
5 43
5 46
5 47
5 64
5 69
5 76
5 86
5 103
5 106
6 14
6 21
6 37
6 44
6 61
6 62
6 66
6 70
6 100
6 102
6 113
7 3
7 10
7 23
7 33
7 34
7 40
7 49
7 60
7 89
7 104
8 7
8 65
8 67
8 107
