    best solution = 8
    time: avg  = 6.280528



0 5
0 6
0 9
0 12
0 14
0 16
0 19
0 26
0 31
0 38
0 45
0 51
0 55
0 59
0 64
0 65
0 74
0 75
0 76
0 77
0 81
0 94
0 95
0 96
0 99
0 102
0 108
0 118
1 20
1 28
1 42
1 56
1 61
1 73
1 80
1 88
1 93
1 97
1 103
1 104
2 3
2 8
2 15
2 18
2 27
2 36
2 37
2 39
2 41
2 58
2 66
2 67
2 71
2 72
2 79
2 85
2 87
2 98
2 113
2 117
2 127
3 1
3 2
3 4
3 7
3 23
3 30
3 33
3 43
3 44
3 46
3 48
3 54
3 63
3 69
3 86
3 92
3 101
3 106
3 110
3 121
3 125
4 10
4 11
4 32
4 35
4 49
4 57
4 62
4 82
4 89
4 90
4 105
4 114
4 124
4 126
5 13
5 17
5 22
5 24
5 25
5 29
5 34
5 40
5 47
5 68
5 83
5 84
5 100
5 107
5 109
5 112
5 115
5 119
5 120
5 122
5 128
6 21
6 50
6 60
6 70
6 78
6 91
6 111
6 116
6 123
7 52
7 53
