    best solution = 8
    time: avg  = 6.711138



0 96
0 97
0 98
0 99
0 100
0 101
0 102
0 103
0 104
0 105
0 106
0 107
0 108
0 109
0 110
0 111
0 114
0 116
0 117
0 118
0 120
0 121
0 124
0 125
0 126
0 128
0 129
0 130
0 132
0 133
0 136
0 138
0 140
0 141
0 142
0 144
0 145
0 146
0 147
0 148
0 149
0 150
0 153
0 154
0 157
0 158
0 160
0 162
0 163
0 164
0 165
0 166
0 168
0 173
0 175
0 179
0 180
0 184
0 189
0 190
1 48
1 49
1 50
1 51
1 52
1 53
1 55
1 57
1 58
1 59
1 60
1 61
1 62
1 64
1 65
1 66
1 68
1 70
1 76
1 77
1 86
1 88
1 90
1 143
1 152
1 155
1 161
1 171
1 177
1 178
2 24
2 25
2 26
2 27
2 28
2 29
2 30
2 31
2 32
2 33
2 34
2 35
2 36
2 37
2 38
2 39
2 40
2 41
2 42
2 43
2 44
2 45
2 46
2 71
2 72
2 73
2 74
2 75
2 78
2 79
2 80
2 81
2 82
2 83
2 84
2 85
2 87
2 92
2 93
2 119
2 122
2 123
2 127
2 131
2 134
2 135
2 139
2 167
2 169
2 170
2 174
2 176
2 181
2 185
2 186
2 188
3 12
3 13
3 14
3 15
3 16
3 17
3 18
3 20
3 21
3 22
3 63
3 67
3 69
3 94
3 156
3 187
4 6
4 7
4 8
4 9
4 10
4 19
4 89
4 91
4 112
4 115
4 137
4 151
4 159
4 182
4 183
5 1
5 3
5 11
5 23
5 47
5 95
5 191
6 2
6 4
6 54
6 56
6 113
6 172
7 5
