
graph resources/graph_datasets/myciel5g.edgelist:
    base color: 6
    best solution:
<<<<<<< Updated upstream
        time    = 0.001282
        colors  = 6
    avg values:
        time    = 0.012312
        colors  = 6.000000


0 3
0 6
0 8
0 23
0 47
1 12
1 13
1 14
1 15
1 16
1 22
1 34
1 35
1 36
1 37
1 40
1 41
1 42
1 43
1 44
1 45
2 11
2 24
2 26
2 27
2 28
2 38
2 39
2 46
3 7
3 9
3 17
3 18
3 19
3 20
3 30
3 31
4 2
4 4
4 25
4 32
5 1
5 5
5 10
5 21
5 29
5 33
=======
        time    = 0.000491
        colors  = 6
    avg values:
        time    = 0.000491
        colors  = 6.000000


0 24
0 25
0 26
0 28
0 29
0 30
0 31
0 32
0 33
0 34
0 37
0 38
0 39
0 42
0 44
0 45
1 2
1 5
1 7
1 10
1 13
1 16
1 18
1 36
1 41
2 1
2 3
2 6
2 8
2 12
2 14
2 17
2 19
2 47
3 20
3 21
3 22
3 35
3 40
3 43
4 4
4 11
4 23
4 46
5 9
5 15
5 27
>>>>>>> Stashed changes
